76437 33
95902 36
64892 26
57633 25
75512 23
73406 37
71095 49
26799 26
32476 9
42286 29
9363 25
69519 48
16134 11
99370 34
6216 2
90678 6
26862 38
98481 18
41694 40
63292 40
28895 27
74595 19
92912 14
85147 39
70964 7
13059 21
33483 28
13805 45
11133 37
88214 26
48591 10
75377 4
27223 14
96322 22
78124 6
10469 22
87255 20
38031 49
95110 30
47181 7
79711 14
53129 46
47986 19
11019 8
43143 32
43611 21
51830 17
69508 19
24917 1
30068 37
19372 41
74369 10
96580 24
79206 31
93758 34
62506 33
21089 30
59777 44
64715 48
61484 22
53608 25
22140 14
53088 19
90484 42
26763 12
84428 5
84256 26
48338 25
20651 19
91371 16
32220 19
823 30
59580 40
3154 25
18491 48
58422 37
8165 45
15550 17
64755 10
20934 17
18909 30
85486 13
75597 13
89405 36
29935 38
96194 28
92228 23
8854 5
37654 17
99037 45
4102 19
54284 42
42881 35
67236 17
15409 7
76796 45
70607 31
37213 19
34007 37
71686 4
93460 10
48944 10
49242 40
25068 41
41010 48
22537 43
80464 23
98322 14
18976 29
66995 24
89631 10
67643 3
10854 20
29565 16
73153 3
47346 9
48190 20
70841 35
81217 38
22942 10
40308 10
53592 43
8924 19
92875 48
40423 49
27502 5
8481 38
27528 48
72549 10
71316 37
74801 27
97187 46
83954 16
56064 4
5310 11
10126 37
5921 33
8686 23
5903 17
20893 17
45433 18
51642 45
88698 5
34277 37
27761 1
29059 10
52745 5
39742 12
91411 22
20394 44
84341 2
41698 13
15516 30
59088 23
51693 15
41227 41
26234 50
1691 36
64592 35
82968 24
21324 10
19888 13
56398 34
29992 16
9221 9
57210 39
24714 37
3772 49
83721 50
68001 25
26170 18
40697 41
57326 45
26644 13
52165 40
35267 28
13788 48
64959 23
43267 3
32931 15
99661 21
55252 20
80577 45
80386 44
35565 25
77766 2
69850 12
17451 32
2970 11
3977 1
90398 12
19180 18
6340 1
78483 2
9326 17
54069 39
90734 14
85374 43
67677 34
37910 18
69291 49
85155 6
69968 49
73925 7
31265 48
94271 22
65022 24
21014 37
7785 6
83025 15
55569 37
61120 29
46732 26
87418 4
12387 4
27326 4
95655 45
99419 17
22849 31
55563 17
91111 16
57434 50
34603 23
45988 24
67149 28
76572 38
75985 2
78986 30
56235 41
73260 17
45015 14
56861 41
32005 21
39378 33
4945 41
17377 44
14001 45
14493 36
12071 9
5660 35
30102 38
29689 7
18194 7
43221 29
79376 29
11737 20
32060 35
9526 2
42026 17
62317 28
1924 35
3563 9
93154 31
91116 27
28439 50
4801 19
62888 34
97964 22
63607 30
57607 3
81726 40
84452 34
98040 26
53039 38
93785 21
80976 26
15613 27
34829 28
22078 8
70220 3
19263 22
71446 25
83717 21
62647 40
31206 13
32226 28
9209 32
86994 15
37197 2
43691 42
50870 46
30590 27
43457 40
45259 47
77769 4
26305 11
95170 39
22881 30
27091 36
92257 24
68129 13
54572 27
84230 31
33734 1
2208 20
20718 10
78053 25
7676 34
3125 42
10537 42
61448 11
54414 23
65958 16
89253 37
31925 17
77644 20
76461 4
41160 35
75528 43
26277 48
42517 47
45563 23
30987 11
73325 19
80570 5
72876 37
53118 41
29880 26
99693 19
22182 46
29903 27
38972 14
67086 15
91353 7
21955 42
25491 28
25327 16
98936 30
29611 38
13782 8
72311 44
26486 29
87183 48
44450 46
35388 35
46536 14
59526 39
75350 50
11367 20
68869 44
97275 2
87187 44
87988 6
39112 3
28169 45
98234 50
83854 29
32460 44
11071 50
42385 8
48919 46
46254 50
92957 37
66238 10
3549 41
21967 15
79829 26
83145 20
38438 32
34383 39
56362 21
10238 5
73285 38
75954 41
81267 33
31048 19
68737 24
60638 35
57752 6
33751 7
55572 25
80379 23
94036 7
36730 10
54345 19
89457 34
69681 1
25413 13
1949 12
89261 11
40462 44
91468 45
48607 11
29147 10
73276 43
24038 47
69904 34
3501 50
9596 9
62090 22
81251 36
31538 6
23714 23
48308 34
95709 19
47999 4
68597 48
16225 4
39189 35
64905 34
94572 36
14958 46
10197 34
78280 31
61585 37
32412 18
45751 8
4822 40
92225 11
44591 14
95048 19
65901 17
45834 47
43530 13
14759 7
29548 33
89164 20
93779 14
66310 35
64594 45
75416 41
86357 27
82152 49
91969 39
70835 45
97817 37
52225 22
15548 4
5779 30
85931 44
49721 8
63816 38
23200 12
93883 3
51752 1
90318 14
2004 32
12600 39
28891 15
11287 27
79195 27
79766 37
33645 23
80398 35
53459 25
75337 40
19438 4
57857 38
94989 21
36071 26
60895 17
30368 43
84841 13
39850 3
49108 21
6300 30
30525 24
45355 49
49136 48
96297 14
4367 33
31591 18
14379 43
9980 16
28822 17
59710 21
93199 36
48012 23
24700 41
37678 10
59350 1
29268 48
65054 3
22876 35
90222 1
60751 1
55562 21
67499 21
78580 47
37691 35
81599 47
60353 46
20860 18
71094 37
8944 34
24713 29
64199 10
66147 50
20001 46
14348 21
60714 27
31686 17
77832 42
48214 28
30605 20
33795 35
11628 8
68151 29
86985 13
83362 22
1993 35
2110 38
62537 20
22798 23
77930 14
89311 35
98057 42
8432 2
23565 11
19790 9
23290 9
87352 11
76578 12
79906 38
83675 35
48820 23
38764 31
61682 44
49057 27
67095 45
2589 41
56026 47
23471 21
71379 3
39326 12
30455 19
36926 32
31454 48
8068 40
1094 48
60630 12
32945 23
42779 30
86601 45
49042 31
52419 40
20415 6
93409 48
80960 20
69266 19
26846 15
66324 2
27582 8
75994 47
35543 29
39656 1
28126 49
91515 4
47260 43
92166 2
84866 44
27862 27
71283 18
93079 6
54175 21
46896 13
25073 11
96202 6
92510 41
67246 13
66653 15
11627 41
26998 6
41847 31
91827 19
61037 40
39283 3
48053 46
88573 2
62145 37
90386 22
24275 48
73339 21
67292 3
39746 35
79615 23
86108 9
80308 4
54627 41
32457 25
71234 41
291 1
3274 23
67810 36
34018 3
36098 21
2299 19
63326 22
99361 20
75407 13
93037 35
36082 5
60087 10
90919 38
63593 19
76885 3
45263 23
43884 40
20683 6
71010 20
9029 11
36095 16
42399 9
35092 6
84582 25
84198 41
33668 3
44457 10
75475 16
89735 49
30796 32
24320 8
80509 13
42347 18
80921 34
35226 2
71754 32
69051 29
40673 28
61947 45
3406 12
39014 21
59371 47
60457 27
35602 32
71417 18
13712 46
56012 10
89809 4
48836 33
79546 25
45036 41
32501 25
74011 40
45671 13
91094 32
10846 34
76946 7
49318 47
35767 7
39867 37
43520 21
13592 38
38622 50
1678 44
43356 5
72176 15
59358 48
51115 15
91203 10
96243 32
73897 2
34873 30
15151 37
11608 4
74677 23
19855 49
70144 14
40265 35
85115 33
78328 27
51447 2
67360 49
76498 42
65551 47
46549 20
14858 13
14872 27
66243 28
71840 41
53191 38
92073 41
10291 23
98174 35
53063 22
54341 42
80051 37
1048 4
94542 19
87822 10
22405 16
9816 27
97008 31
73671 50
54912 34
27178 14
32277 9
98229 24
76492 24
15486 12
17814 25
29249 42
59939 11
43012 22
74493 46
27252 45
20402 4
15374 1
22185 24
85786 10
2037 33
2385 44
18727 20
66719 47
74749 28
55267 6
56313 33
64596 41
43341 6
7902 12
86866 46
78570 19
6776 32
7547 41
60952 10
72725 18
27749 7
15224 47
49504 15
12778 1
87467 34
15954 29
13749 15
93152 10
97396 13
24555 18
87377 21
93011 41
70269 15
50468 49
87234 39
50780 1
32628 18
66275 5
12230 50
5721 43
74873 21
80110 19
84014 33
74379 2
40029 32
45998 28
87518 12
81010 4
87013 45
44269 18
3051 22
82099 19
84007 22
34295 20
23803 49
8178 11
17835 6
12444 44
3912 22
32407 32
71722 50
84300 17
20381 30
18029 7
77490 19
3897 45
35767 39
57054 47
99745 33
24376 17
33348 1
98424 16
26309 5
58656 38
87015 49
10 45
28513 32
69128 41
16177 6
2503 39
36522 38
64397 20
80489 20
82433 12
69414 29
52233 18
7653 37
3182 39
38891 31
37885 47
44654 15
57543 10
8710 10
66183 3
33056 9
31651 2
88785 22
32460 4
31334 16
39296 23
74842 40
68719 43
73634 33
80826 37
73538 7
39767 30
62914 40
6801 49
4475 29
70285 50
61132 42
45767 25
84649 16
26075 50
8786 23
93823 29
82658 46
53165 10
90462 11
15039 25
34797 19
94963 45
48519 10
90798 39
74438 48
40093 31
18297 8
88470 13
54264 47
47869 48
59569 11
26882 41
32417 17
77768 5
82494 15
26177 25
19377 18
1236 14
67201 23
33985 41
84682 5
23835 27
51949 36
86388 19
36545 43
97495 44
83431 13
53070 19
16859 21
95523 34
49030 21
72964 8
16592 29
73951 38
47187 28
75565 21
10891 25
28556 2
96010 47
95749 24
82760 9
48524 39
1623 5
21989 24
41396 16
9891 16
85818 31
75659 27
37968 2
17528 4
11651 2
57848 31
57934 45
11188 15
88597 27
1101 29
98546 38
29793 6
52294 35
27244 49
55601 45
73675 47
17981 4
45916 1
56181 14
55906 4
41683 10
74981 36
89654 28
84214 20
92146 30
79055 46
17122 44
42329 37
9336 30
64967 41
82165 8
16800 7
91860 21
52570 9
27873 24
65730 35
33640 26
74840 10
43399 14
53846 13
90533 40
68881 22
21628 46
11545 25
95441 22
14523 25
54341 43
85061 39
98404 24
12361 6
89338 20
54075 39
23493 5
90485 14
38406 35
92922 24
74193 21
35158 48
16900 43
73124 6
53205 49
21578 3
96131 39
78847 24
18990 7
83885 16
52419 25
53362 30
52720 2
22880 11
1622 23
64547 48
49403 25
59298 49
68607 7
97951 33
8551 3
50522 14
12853 9
15410 16
37401 18
17290 50
75168 46
60810 17
68491 9
85884 39
71035 3
9399 33
88391 30
4890 18
57232 27
32494 38
8556 29
73837 23
26334 19
76641 38
92455 20
41796 37
32726 24
31559 2
65403 12
38991 43
32793 41
54842 43
52665 41
59072 23
50363 40
59988 50
55368 22
32712 47
33059 18
96752 30
60318 9
12736 42
26472 31
12559 24
30692 17
29500 5
70421 15
83919 44
87989 22
51513 21
69701 42
78965 50
92510 41
14480 39
27079 47
68164 10
13952 45
5216 36
13530 24
32004 48
59913 14
89735 26
29586 22
79003 4
96350 37
65769 21
